              precision    recall  f1-score   support

        baso     0.6486    0.5902    0.6180       244
         eos     0.9225    0.9343    0.9283       624
         ery     0.8323    0.8457    0.8389       311
  imm. gran.     0.6221    0.6511    0.6363       579
       lymph     0.7837    0.7901    0.7869       243
        mono     0.6582    0.6373    0.6476       284
        neut     0.8668    0.8498    0.8582       666
         plt     0.9936    0.9979    0.9958       470

    accuracy                         0.8112      3421
   macro avg     0.7910    0.7871    0.7888      3421
weighted avg     0.8110    0.8112    0.8109      3421
