              precision    recall  f1-score   support

        baso     0.8160    0.7090    0.7588       244
         eos     0.9420    0.9631    0.9525       624
         ery     0.9069    0.8457    0.8752       311
  imm. gran.     0.7332    0.7927    0.7618       579
       lymph     0.8354    0.8354    0.8354       243
        mono     0.7978    0.7641    0.7806       284
        neut     0.9083    0.9069    0.9076       666
         plt     0.9895    1.0000    0.9947       470

    accuracy                         0.8740      3421
   macro avg     0.8661    0.8521    0.8583      3421
weighted avg     0.8749    0.8740    0.8738      3421
