              precision    recall  f1-score   support

        baso     0.7516    0.4836    0.5885       244
         eos     0.8981    0.9327    0.9151       624
         ery     0.8986    0.8264    0.8610       311
  imm. gran.     0.6245    0.7927    0.6986       579
       lymph     0.8455    0.8107    0.8277       243
        mono     0.8488    0.5141    0.6404       284
        neut     0.8722    0.9429    0.9062       666
         plt     0.9957    0.9957    0.9957       470

    accuracy                         0.8346      3421
   macro avg     0.8419    0.7874    0.8042      3421
weighted avg     0.8419    0.8346    0.8306      3421
