              precision    recall  f1-score   support

        baso     0.7834    0.6967    0.7375       244
         eos     0.9543    0.9375    0.9458       624
         ery     0.9082    0.8585    0.8826       311
  imm. gran.     0.7080    0.8290    0.7637       579
       lymph     0.8596    0.8066    0.8323       243
        mono     0.8347    0.7289    0.7782       284
        neut     0.8976    0.9084    0.9030       666
         plt     0.9979    0.9957    0.9968       470

    accuracy                         0.8705      3421
   macro avg     0.8680    0.8452    0.8550      3421
weighted avg     0.8745    0.8705    0.8711      3421
