              precision    recall  f1-score   support

        baso     0.9350    0.9426    0.9388       244
         eos     0.9984    0.9888    0.9936       624
         ery     0.9867    0.9550    0.9706       311
  imm. gran.     0.8626    0.9326    0.8963       579
       lymph     0.9620    0.9383    0.9500       243
        mono     0.9464    0.8697    0.9064       284
        neut     0.9788    0.9700    0.9744       666
         plt     0.9958    1.0000    0.9979       470

    accuracy                         0.9573      3421
   macro avg     0.9582    0.9496    0.9535      3421
weighted avg     0.9587    0.9573    0.9576      3421
