              precision    recall  f1-score   support

        baso     0.9471    0.8074    0.8717       244
         eos     0.9936    0.9920    0.9928       624
         ery     0.9674    0.9550    0.9612       311
  imm. gran.     0.8502    0.9016    0.8751       579
       lymph     0.9163    0.9465    0.9312       243
        mono     0.9123    0.9155    0.9139       284
        neut     0.9789    0.9730    0.9759       666
         plt     0.9979    1.0000    0.9989       470

    accuracy                         0.9480      3421
   macro avg     0.9455    0.9364    0.9401      3421
weighted avg     0.9491    0.9480    0.9480      3421
