              precision    recall  f1-score   support

        baso     0.5166    0.3197    0.3949       244
         eos     0.7421    0.8990    0.8130       624
         ery     0.8213    0.6206    0.7070       311
  imm. gran.     0.5690    0.5769    0.5729       579
       lymph     0.6744    0.7160    0.6946       243
        mono     0.5360    0.4190    0.4704       284
        neut     0.8331    0.9069    0.8684       666
         plt     0.9487    0.9830    0.9655       470

    accuracy                         0.7381      3421
   macro avg     0.7051    0.6801    0.6858      3421
weighted avg     0.7281    0.7381    0.7278      3421
